很无聊的题
0001 0009 0028 0029 0030 0031 0032 0033 0034 0035
0036 0040 0042 0043 0044 0045 0046 1000 1006 1026
1050 1055 1060 1064 1073 1075 1078 1118 1124 1147
1150 1185 1191 1207 1221 1225 1493 1533 1603 1605
1673 1677 1696 1761 1803 1828 1833 1841 1845 1858
1860 1921 1949 1950 1961 2001 2002 2003 2004 2005
2008 2009 2011 2012 2016 2017 2030 2033 2039 2051
2052 2053 2058 2140 2143 2145 2147 2229 2249 2278
2282 2300 2301 2364 2379 2382 2434 2442 2443 2448
2455 2459 2471 2534 2537 2539 2568 2569 2571 2581
2606 2610 2611 2690 2703 2708 2723 2724 2747 2751
2786 2819 2824 2833 2836 2837 2847 2862 2863 2864
2875 2876 2880 2886 2907 2913 2914 2925 2936 2937
2938 2949 2950 2951 2953 2954 2955 2968 2970 2971
2982 2985 2986 2989 2996 2997 2998 3001 3002 3020
3021 3040 3043 3044 3046 3047 3060 3082 3084 3086
3092 3093 3094 3098 3120 3122 3123 3140 3141 3144
3149 3150 3151 3152 3161 3162 3163 3172 3205 3210
3221 3236 3237 3252 3262 3274 3275 3277 3278 3281
3283 3288 3296 3343 3344 3351 3358 3362 3363 3416
3417 3418 3419 3443 3493 3499

模拟/暴力/枚举
0003 0017 1002 1005 0096 1010 1013 1056 1071 1077
1079 1119 1180 1214 1219 1273 1288 1290 1645 1679
1688 1711 1736 1768 1772 1795 1831 1842 1844 1849
1869 1870 1895 1903 1918 1919 1924 1962 1965 1980
1982 2010 2013 2019 2020 2022 2023 2035 2036 2038
2046 2048 2049 2064 2065 2144 2149 2153 2156 2160
2197 2239 2240 2252 2280 2303 2315 2323 2330 2363
2395 2398 2403 2429 2431 2456 2517 2519 2530 2536
2538 2570 2612 2618 2658 2725 2766 2820 2822 2831
2832 2838 2850 2851 2852 2855 2877 2879 2881 2882
2885 2887 2888 2889 2891 2893 2894 2895 2897 2902
2909 2920 2939 2946 2948 2952 2956 2957 2959 2966
2967 2969 2972 2973 2974 2976 2978 2979 2980 2981
2983 2987 2988 2991 2992 2993 2995 2999 3000 3004
3005 3018 3023 3024 3026 3027 3028 3030 3031 3032
3033 3037 3038 3041 3048 3050 3053 3054 3056 3058
3061 3069 3074 3075 3087 3088 3090 3096 3101 3106
3107 3119 3125 3127 3128 3129 3130 3131 3132 3133
3134 3135 3137 3138 3142 3143 3145 3146 3148 3160
3167 3169 3170 3171 3185 3186 3188 3189 3190 3191
3193 3194 3209 3211 3212 3213 3239 3240 3241 3242
3250 3251 3264 3269 3270 3292 3293 3298 3309 3325
3342 3345 3350 3357 3383 3441 3444 3445 3452 3455
3456 3466 3467 3469 3487

排序
0004 0024 0037 0041 0047 0048 0097 1072 1182 1293
1607 1631 1759 1765 1766 1829 1852 1861 1874 1885
2015 2031 2034 2040 2057 2063 2073 2238 2302 2308
2439 2445 2446 2572 2582 2607 2654 2844 2849 2878
2890 2892 2896 2918 2945 2947 2975 2977 2990 2994
3036 3039 3045 3049 3055 3059 3065 3073 3097 3124
3126 3136 3182 3183 3184 3234 3238 3243 3244 3291
3368 3492 3504 3505 3544